709	3704.97729	1.38864		Borycki
244	2810.42993	-2.69822	Szmigielski
201	3117.00610	-2.78819	Klawikowski
119	1814.70215	-1.40005	Mirowski
27	781.50537	-3.16317	Kargul
591	3587.56519	-1.83143	Siejka
768	4091.19360	5.36605		Mikos
422	176.24106	-2.69788	Mastalerz
464	1102.03760	2.82108		Kubiczek
78	2852.29785	3.52438		Lozinski
523	2872.01831	2.98222		Antoniewicz
548	4248.95654	2.94932		Topczewski
484	2951.20337	1.22616		Stawinski
300	2599.72534	-0.78236	Frontczak
61	1627.51013	-5.32611	Sobolewski
639	1005.40765	1.30270		Frydrych
160	1502.96826	-0.85823	Gawin
668	218.86743	-0.30230	Kaczmarczyk
381	3350.01025	-0.04750	Pluskota
769	4842.08545	5.14986		Toczek
53	3128.99023	4.00075		Panek
560	477.65964	0.07469		Soroka
637	4537.02588	-4.06319	Furmanek
269	2288.14307	1.99290		Hernik
236	297.90070	-3.66504	Buczkowski
727	2896.44116	3.57105		Balon
19	1203.06665	2.57099		Stawarz
300	4062.21973	3.08226		Bujak
24	737.81714	4.30725		Iwan
389	392.71027	-3.85807	Gross